,similarities_all,similarities_DILI,similarities_noDILI,nn_DILI,nn_noDILI,true_label,predicted_label,correct,probability
0,[0.28313737172694065],[0.22426177406477885],[0.2766561351645191],2,3,1.0,[0.],[0],[[0.69333333 0.30666667]]
1,[0.20708603748012616],[0.19980576336331096],[0.20265779812892273],2,3,1.0,[1.],[1],[[0.43466667 0.56533333]]
2,[0.18513771618905275],[0.16339530799972707],[0.17499278865282086],1,4,1.0,[1.],[1],[[0.39066667 0.60933333]]
3,[0.20758724420431873],[0.20758724420431873],[0.1414585630862163],5,0,1.0,[1.],[1],[[0.24933333 0.75066667]]
4,[0.23255946967473623],[0.21694982610396746],[0.20912160508930758],2,3,1.0,[1.],[1],[[0.332 0.668]]
5,[0.2240093258770001],[0.17121593447253114],[0.22300394827587783],1,4,1.0,[0.],[0],[[0.668 0.332]]
6,[0.3695896328019883],[0.36559754504798725],[0.18106228636597535],4,1,1.0,[1.],[1],[[0.212 0.788]]
7,[0.27888669301712776],[0.25721141499743194],[0.2511868128596205],3,2,1.0,[0.],[0],[[0.58133333 0.41866667]]
8,[0.338228391483495],[0.3342087836403577],[0.1745132222849614],4,1,1.0,[1.],[1],[[0.19066667 0.80933333]]
9,[0.2764959726476034],[0.2764959726476034],[0.20211380839147436],5,0,1.0,[1.],[1],[[0.29466667 0.70533333]]
10,[0.22944122630376368],[0.22420764709758173],[0.19747185994783248],4,1,1.0,[1.],[1],[[0.236 0.764]]
11,[0.23950860104559787],[0.23760696170133558],[0.2168972459413089],4,1,1.0,[1.],[1],[[0.376 0.624]]
12,[0.29405917372019064],[0.29405917372019064],[0.20994285882338662],5,0,1.0,[1.],[1],[[0.356 0.644]]
13,[0.4676440538706106],[0.4676440538706106],[0.23352713178294576],5,0,1.0,[1.],[1],[[0.23466667 0.76533333]]
14,[0.4817882379248658],[0.4817882379248658],[0.20219823061928324],5,0,1.0,[1.],[1],[[0.07333333 0.92666667]]
15,[0.49775354175376696],[0.49775354175376696],[0.19814488017429194],5,0,1.0,[1.],[1],[[0.09466667 0.90533333]]
16,[0.266462459174234],[0.2555547551315185],[0.2125573487765921],4,1,1.0,[1.],[1],[[0.21066667 0.78933333]]
17,[0.25423399295739724],[0.25423399295739724],[0.20023271558638203],5,0,1.0,[1.],[1],[[0.13466667 0.86533333]]
18,[0.3012347848230201],[0.25275918071000036],[0.26820448179271705],1,4,1.0,[0.],[0],[[0.55866667 0.44133333]]
19,[0.2964695733259894],[0.2861778721955786],[0.22302834008097167],3,2,1.0,[1.],[1],[[0.21866667 0.78133333]]
20,[0.2978634106456929],[0.26984850734707544],[0.24217835693992776],3,2,1.0,[1.],[1],[[0.39866667 0.60133333]]
21,[0.2890792596108211],[0.2870792596108211],[0.21359940872135996],4,1,1.0,[1.],[1],[[0.26266667 0.73733333]]
22,[0.2768890995148935],[0.2768890995148935],[0.21201992753623186],5,0,1.0,[1.],[1],[[0.14 0.86]]
23,[0.26058605025845283],[0.24418380230880232],[0.2509236030010689],2,3,1.0,[1.],[1],[[0.38 0.62]]
24,[0.2375667981209796],[0.21707160169846734],[0.22156755082819996],3,2,1.0,[0.],[0],[[0.51466667 0.48533333]]
25,[0.3086835305317558],[0.2802970143866344],[0.29856725146198826],1,4,1.0,[0.],[0],[[0.668 0.332]]
26,[0.33169573525027973],[0.3295638960940504],[0.238707227731618],3,2,1.0,[1.],[1],[[0.49733333 0.50266667]]
27,[0.23653911564625849],[0.2248351648351648],[0.2204352195423624],3,2,1.0,[0.],[0],[[0.56666667 0.43333333]]
28,[0.31304347826086953],[0.3091973244147157],[0.22125112211431075],4,1,1.0,[1.],[1],[[0.17866667 0.82133333]]
29,[0.377593337326374],[0.3103590848182879],[0.34394861392833],2,3,1.0,[0.],[0],[[0.572 0.428]]
30,[0.26173669244929704],[0.2458247628488428],[0.22881108926431973],3,2,1.0,[0.],[0],[[0.57866667 0.42133333]]
31,[0.2701604306831167],[0.23054268780221593],[0.255793590334191],2,3,1.0,[0.],[0],[[0.516 0.484]]
32,[0.3230314323357802],[0.29849883462548976],[0.2500644578857091],2,3,1.0,[1.],[1],[[0.48666667 0.51333333]]
33,[0.18588584393231553],[0.1827473157937874],[0.15464995870656245],4,1,1.0,[1.],[1],[[0.36533333 0.63466667]]
34,[0.23111059990078991],[0.22230671404772373],[0.16966600529100528],4,1,1.0,[1.],[1],[[0.25866667 0.74133333]]
35,[0.23716595028297155],[0.20880692893850789],[0.2201048632218845],3,2,1.0,[0.],[0],[[0.52 0.48]]
36,[0.3508048103607771],[0.3136935546678688],[0.251336032388664],3,2,1.0,[1.],[1],[[0.33066667 0.66933333]]
37,[0.20929649657142363],[0.1999941709900283],[0.18877603208682528],4,1,1.0,[1.],[1],[[0.33066667 0.66933333]]
38,[0.15042138685247472],[0.11558976887159263],[0.14560674844650504],2,3,1.0,[0.],[0],[[0.82933333 0.17066667]]
39,[0.3978374244630551],[0.3122889461599139],[0.3591556459103088],2,3,1.0,[0.],[0],[[0.552 0.448]]
40,[0.29072409163383856],[0.28188388461633246],[0.2463856427001967],3,2,1.0,[1.],[1],[[0.36 0.64]]
41,[0.298013468013468],[0.28955967295008395],[0.23429189857761287],2,3,1.0,[0.],[0],[[0.51333333 0.48666667]]
42,[0.1904033845384458],[0.1904033845384458],[0.16175633157859273],5,0,1.0,[1.],[1],[[0.288 0.712]]
43,[0.2967379679144385],[0.17840756554411782],[0.2967379679144385],0,5,1.0,[0.],[0],[[0.85866667 0.14133333]]
44,[0.3054959564827986],[0.28387433486117697],[0.20629343629343633],4,1,1.0,[1.],[1],[[0.236 0.764]]
45,[0.2682831004112468],[0.2626426773795195],[0.16311462882904895],4,1,1.0,[1.],[1],[[0.14933333 0.85066667]]
46,[0.24077891813025798],[0.23964093804490946],[0.1897299581506898],4,1,1.0,[1.],[1],[[0.304 0.696]]
47,[0.2362097376002895],[0.22588726088726085],[0.2094913198567343],2,3,1.0,[1.],[1],[[0.34933333 0.65066667]]
48,[0.21692828556618332],[0.21442828556618335],[0.20375767624662244],4,1,1.0,[1.],[1],[[0.41066667 0.58933333]]
49,[0.33960258454332826],[0.3150113895747748],[0.2456878268193295],4,1,1.0,[1.],[1],[[0.28266667 0.71733333]]
50,[0.26482758620689656],[0.22900821697557183],[0.2636105476673428],1,4,1.0,[1.],[1],[[0.42266667 0.57733333]]
51,[0.21989050036355087],[0.1976792093355561],[0.21319288763145536],1,4,1.0,[0.],[0],[[0.67866667 0.32133333]]
52,[0.26392956192541367],[0.206329420858886],[0.24923761468555655],2,3,1.0,[0.],[0],[[0.51733333 0.48266667]]
53,[0.22686438918155444],[0.2133923409591633],[0.21723691607843967],2,3,1.0,[0.],[0],[[0.58 0.42]]
54,[0.28349724092524486],[0.1887951217074024],[0.270914058832081],1,4,1.0,[0.],[0],[[0.76 0.24]]
55,[0.26921211831452796],[0.2604217957338828],[0.1820122201654914],4,1,1.0,[1.],[1],[[0.27066667 0.72933333]]
56,[0.3296878637851459],[0.3161260157970684],[0.24884883223127674],4,1,1.0,[1.],[1],[[0.42666667 0.57333333]]
57,[0.186883948663419],[0.17139232742277238],[0.18214368892315924],1,4,1.0,[0.],[0],[[0.52266667 0.47733333]]
58,[0.18133815067576609],[0.1799486587087665],[0.15275827381042648],4,1,1.0,[1.],[1],[[0.34533333 0.65466667]]
59,[0.19018270961293657],[0.17290201657247103],[0.1895724884077497],1,4,1.0,[0.],[0],[[0.55733333 0.44266667]]
60,[0.19395621112488584],[0.18359725070251384],[0.18205372321471763],3,2,1.0,[1.],[1],[[0.35466667 0.64533333]]
61,[0.24004662004662003],[0.23355311355311356],[0.16443787850567512],3,2,1.0,[1.],[1],[[0.26 0.74]]
62,[0.4028610398091672],[0.4028610398091672],[0.20539931534566072],5,0,1.0,[1.],[1],[[0.25333333 0.74666667]]
63,[0.22799347308279178],[0.21097491721196962],[0.20800311594508747],3,2,1.0,[1.],[1],[[0.31866667 0.68133333]]
64,[0.42529448621553884],[0.32820001206224114],[0.34682315544959963],2,3,1.0,[0.],[0],[[0.51066667 0.48933333]]
65,[0.17987930649746292],[0.17987930649746292],[0.15654905627515148],5,0,1.0,[1.],[1],[[0.376 0.624]]
66,[0.3032471928942517],[0.24506911437666248],[0.2813984533984534],1,4,1.0,[0.],[0],[[0.63333333 0.36666667]]
67,[0.29940148704453645],[0.294881231180997],[0.14856056834811487],4,1,1.0,[1.],[1],[[0.21733333 0.78266667]]
68,[0.1992570256201532],[0.19613656117893408],[0.15736506414864032],4,1,1.0,[1.],[1],[[0.21066667 0.78933333]]
69,[0.3060616929698709],[0.28127999891573097],[0.2979260935143288],2,3,1.0,[0.],[0],[[0.71333333 0.28666667]]
70,[0.31278542958056144],[0.31278542958056144],[0.2027947805567294],5,0,1.0,[1.],[1],[[0.36133333 0.63866667]]
71,[0.35476642269811154],[0.31832444068068194],[0.2526395173453997],2,3,1.0,[1.],[1],[[0.332 0.668]]
72,[0.29598764320579807],[0.28933649588288485],[0.1894691715509044],4,1,1.0,[1.],[1],[[0.22933333 0.77066667]]
73,[0.24606730375165173],[0.24606730375165173],[0.1436105250307517],5,0,1.0,[1.],[1],[[0.2 0.8]]
74,[0.2544435055199673],[0.254269592476489],[0.21036424685573327],4,1,1.0,[1.],[1],[[0.37733333 0.62266667]]
75,[0.3338790527792884],[0.18291130583156334],[0.3338790527792884],1,4,1.0,[0.],[0],[[0.66533333 0.33466667]]
76,[0.2588807575661648],[0.2470212309574012],[0.23899433798012062],2,3,1.0,[0.],[0],[[0.54533333 0.45466667]]
77,[0.2463845691291818],[0.23818651718112988],[0.2318356923974901],4,1,1.0,[1.],[1],[[0.48933333 0.51066667]]
78,[0.2102246723528188],[0.2021384684710213],[0.1911493074378737],3,2,1.0,[1.],[1],[[0.35066667 0.64933333]]
79,[0.3250014468001543],[0.3169491805454156],[0.2375400007424732],3,2,1.0,[1.],[1],[[0.44266667 0.55733333]]
80,[0.3302814805903712],[0.3093372374473465],[0.2534908626232827],2,3,1.0,[1.],[1],[[0.48933333 0.51066667]]
81,[0.19800232497231562],[0.19639627868039308],[0.1562504937412989],4,1,1.0,[1.],[1],[[0.356 0.644]]
82,[0.2533297261214016],[0.23966353723782136],[0.2203006576411713],3,2,1.0,[0.],[0],[[0.54 0.46]]
83,[0.16755303874030925],[0.1616167528040233],[0.15441398228344966],3,2,1.0,[1.],[1],[[0.432 0.568]]
84,[0.3116598461377029],[0.3116598461377029],[0.18392887426689009],5,0,1.0,[1.],[1],[[0.35866667 0.64133333]]
85,[0.2133207189837884],[0.19075442598023243],[0.19295625488718873],2,3,1.0,[1.],[1],[[0.43066667 0.56933333]]
86,[0.2608600917130863],[0.2608600917130863],[0.18803651370375102],5,0,1.0,[1.],[1],[[0.22 0.78]]
87,[0.26041939063261976],[0.1879311049362537],[0.26041939063261976],0,5,1.0,[0.],[0],[[0.91066667 0.08933333]]
88,[0.3168165813060179],[0.3168165813060179],[0.18093657616129527],5,0,1.0,[1.],[1],[[0.33466667 0.66533333]]
89,[0.1953497525865947],[0.19461715185399397],[0.1675425032524147],4,1,1.0,[1.],[1],[[0.348 0.652]]
90,[0.24096017770716563],[0.18343497459575325],[0.24096017770716563],0,5,1.0,[0.],[0],[[0.69066667 0.30933333]]
91,[0.1858239409631495],[0.17356537952222045],[0.17945587626852647],3,2,1.0,[1.],[1],[[0.49733333 0.50266667]]
92,[0.30691697191697187],[0.30136141636141633],[0.253927109772311],4,1,1.0,[1.],[1],[[0.23866667 0.76133333]]
93,[0.2457675423786047],[0.20673688653543612],[0.20712549951494763],2,3,1.0,[0.],[0],[[0.54933333 0.45066667]]
94,[0.2955224929541654],[0.20543163608167486],[0.2858529703103465],1,4,1.0,[0.],[0],[[0.65866667 0.34133333]]
95,[0.2853960453960454],[0.25481455979566775],[0.2821326421326421],1,4,1.0,[0.],[0],[[0.57866667 0.42133333]]
96,[0.2229896484855106],[0.19120526097310522],[0.20217625135632403],1,4,1.0,[1.],[1],[[0.452 0.548]]
97,[0.19056238040566398],[0.18348211293481115],[0.1896081893725256],2,3,1.0,[1.],[1],[[0.456 0.544]]
98,[0.15033633033633031],[0.1450731724415935],[0.13278869558114842],4,1,1.0,[1.],[1],[[0.35466667 0.64533333]]
99,[0.3250486656200941],[0.29523302922060685],[0.28122448979591835],2,3,1.0,[0.],[0],[[0.572 0.428]]
100,[0.2036540900341584],[0.194798499914779],[0.19702561239444485],2,3,1.0,[0.],[0],[[0.51466667 0.48533333]]
101,[0.2079047976203232],[0.1794205202230023],[0.17301619714130498],3,2,1.0,[1.],[1],[[0.40533333 0.59466667]]
102,[0.22600324027916247],[0.2257315011487277],[0.19665193864106909],4,1,1.0,[1.],[1],[[0.276 0.724]]
103,[0.24268316385525388],[0.24268316385525388],[0.1626548678890345],5,0,1.0,[1.],[1],[[0.29066667 0.70933333]]
104,[0.16390058217644426],[0.12388798545443418],[0.16390058217644426],0,5,1.0,[0.],[0],[[0.83333333 0.16666667]]
105,[0.24186944358474877],[0.24003794175324694],[0.19557200929152146],4,1,1.0,[1.],[1],[[0.304 0.696]]
106,[0.2115329665732335],[0.20759629562757667],[0.17122931156842508],4,1,1.0,[1.],[1],[[0.28133333 0.71866667]]
107,[0.28627084879771464],[0.28406496644477347],[0.17069924098671724],4,1,1.0,[1.],[1],[[0.404 0.596]]
108,[0.3860613355542361],[0.36051845244503045],[0.18152341230806704],2,3,1.0,[1.],[1],[[0.29333333 0.70666667]]
109,[0.3074978822347243],[0.2876065076065076],[0.2586853722492062],3,2,1.0,[1.],[1],[[0.40933333 0.59066667]]
110,[0.23752023254994392],[0.2283656256024677],[0.2198000932121575],3,2,1.0,[1.],[1],[[0.40133333 0.59866667]]
111,[0.21355011677666141],[0.20669007601462427],[0.1991867962456198],2,3,1.0,[0.],[0],[[0.664 0.336]]
112,[0.3594272491605338],[0.3461211267115542],[0.2439691140100814],4,1,1.0,[1.],[1],[[0.25733333 0.74266667]]
113,[0.2854960491659351],[0.266448430118316],[0.25631883051389326],4,1,1.0,[1.],[1],[[0.45866667 0.54133333]]
114,[0.2756035656899131],[0.2756035656899131],[0.1853902407788951],5,0,1.0,[1.],[1],[[0.18133333 0.81866667]]
115,[0.23337591535732352],[0.23337591535732352],[0.20144338118022329],5,0,1.0,[1.],[1],[[0.44666667 0.55333333]]
116,[0.15845472357100263],[0.13740734183396572],[0.14498168498168498],2,3,1.0,[0.],[0],[[0.796 0.204]]
117,[0.3508554743337352],[0.31192558792558794],[0.2761314138779674],3,2,1.0,[1.],[1],[[0.34 0.66]]
118,[0.2698434081120648],[0.24222647527910687],[0.22105909438657462],1,4,1.0,[1.],[1],[[0.44 0.56]]
119,[0.20422632922632925],[0.20422632922632925],[0.15964044037531278],5,0,1.0,[1.],[1],[[0.328 0.672]]
120,[0.25600688439814195],[0.2558402177314753],[0.16208864950303306],4,1,1.0,[1.],[1],[[0.328 0.672]]
121,[0.3802366879766261],[0.35502949357169306],[0.1783480530240234],2,3,1.0,[1.],[1],[[0.296 0.704]]
122,[0.2752353078966075],[0.26514305897861645],[0.2164885124631554],2,3,1.0,[1.],[1],[[0.48266667 0.51733333]]
123,[0.2056661991584853],[0.14687525584946623],[0.2056661991584853],0,5,1.0,[0.],[0],[[0.89466667 0.10533333]]
124,[0.21017074169009664],[0.20549688447386658],[0.1996519940587737],4,1,1.0,[0.],[0],[[0.552 0.448]]
125,[0.1647278511679169],[0.1647278511679169],[0.13044411537965123],5,0,1.0,[1.],[1],[[0.20933333 0.79066667]]
126,[0.2413730994376156],[0.22932757800994313],[0.22192666697929858],2,3,1.0,[0.],[0],[[0.516 0.484]]
127,[0.22217730485014756],[0.21890933099393836],[0.1982921438617641],4,1,1.0,[1.],[1],[[0.29066667 0.70933333]]
128,[0.33187617260787994],[0.32540156613327353],[0.2914851450419166],3,2,1.0,[1.],[1],[[0.46666667 0.53333333]]
129,[0.2900570651514048],[0.26870785880219844],[0.18904120711218772],3,2,1.0,[1.],[1],[[0.356 0.644]]
130,[0.2740741464049735],[0.24175525019445163],[0.2449373840445269],2,3,1.0,[1.],[1],[[0.48266667 0.51733333]]
131,[0.31365502635313114],[0.31120240650920694],[0.19481577712219003],4,1,1.0,[1.],[1],[[0.29066667 0.70933333]]
132,[0.3237156394447601],[0.30598791475245857],[0.2301769210518893],2,3,1.0,[1.],[1],[[0.26266667 0.73733333]]
133,[0.24780594556435798],[0.24258206496734305],[0.22074353894405635],4,1,1.0,[1.],[1],[[0.46 0.54]]
134,[0.1750641419776374],[0.15446862152522528],[0.17239747531097077],1,4,1.0,[1.],[1],[[0.43866667 0.56133333]]
135,[0.20177439048406792],[0.1946551270080682],[0.18072636748701942],3,2,1.0,[0.],[0],[[0.81733333 0.18266667]]
136,[0.24081840420128145],[0.22600631867773813],[0.22307752082456161],3,2,1.0,[1.],[1],[[0.34266667 0.65733333]]
137,[0.29648943223130825],[0.2944425239157432],[0.2119985893198776],4,1,1.0,[1.],[1],[[0.17466667 0.82533333]]
138,[0.22142432467745893],[0.2173706006237349],[0.1405962177175271],4,1,1.0,[0.],[0],[[0.52533333 0.47466667]]
139,[0.27461991374074873],[0.27461991374074873],[0.15937964947673683],5,0,1.0,[1.],[1],[[0.29733333 0.70266667]]
140,[0.36510213839422834],[0.23928200553535076],[0.36510213839422834],0,5,1.0,[0.],[0],[[0.80933333 0.19066667]]
141,[0.17581874327116861],[0.1544740315400875],[0.1716357367352209],1,4,1.0,[1.],[1],[[0.4 0.6]]
142,[0.26802407714167187],[0.26469856853447316],[0.18319688244408983],4,1,1.0,[1.],[1],[[0.28133333 0.71866667]]
143,[0.27296106848536517],[0.2629833863556027],[0.24240715983363045],3,2,1.0,[1.],[1],[[0.22933333 0.77066667]]
144,[0.2200567869827832],[0.1839861909121871],[0.1752206736353078],3,2,1.0,[1.],[1],[[0.404 0.596]]
145,[0.17863322379451413],[0.15789486841786085],[0.14527027027027026],3,2,1.0,[1.],[1],[[0.444 0.556]]
146,[0.40308608058608053],[0.2763777890842794],[0.39736157253599114],1,4,1.0,[0.],[0],[[0.72933333 0.27066667]]
147,[0.2798980631348122],[0.21777782943891538],[0.2798980631348122],0,5,1.0,[0.],[0],[[0.696 0.304]]
148,[0.16849021449119825],[0.1468891778320262],[0.16849021449119825],0,5,1.0,[0.],[0],[[0.63333333 0.36666667]]
149,[0.4458840838278452],[0.327467431119605],[0.3662927938238179],2,3,1.0,[0.],[0],[[0.604 0.396]]
150,[0.2562061403508772],[0.2562061403508772],[0.16137761072333606],5,0,1.0,[1.],[1],[[0.20133333 0.79866667]]
151,[0.27886400764070396],[0.27886400764070396],[0.14792481384030678],5,0,1.0,[1.],[1],[[0.228 0.772]]
152,[0.2465896957452604],[0.22570161078785578],[0.2160084439945323],3,2,1.0,[0.],[0],[[0.57466667 0.42533333]]
153,[0.18584052790992306],[0.1478294074346706],[0.18496333492746692],1,4,1.0,[0.],[0],[[0.736 0.264]]
154,[0.23118170345061104],[0.19749543542113202],[0.2296045918367347],2,3,1.0,[1.],[1],[[0.424 0.576]]
155,[0.29284987831898585],[0.23710196752151372],[0.2564412238325282],2,3,1.0,[1.],[1],[[0.38666667 0.61333333]]
156,[0.20160268530680653],[0.18831239903368754],[0.18690454289194586],2,3,1.0,[1.],[1],[[0.42133333 0.57866667]]
157,[0.16505314115987532],[0.15192019567398865],[0.15856499691640635],3,2,1.0,[0.],[0],[[0.52933333 0.47066667]]
158,[0.14672385810590036],[0.14611270680509386],[0.13449119123452374],3,2,1.0,[1.],[1],[[0.27733333 0.72266667]]
159,[0.2080310834650565],[0.18683551428169407],[0.1941816667100194],1,4,1.0,[0.],[0],[[0.59066667 0.40933333]]
160,[0.2459862191106863],[0.2459862191106863],[0.1767544951547553],5,0,1.0,[1.],[1],[[0.176 0.824]]
161,[0.2164992903856669],[0.2164992903856669],[0.1665553682455091],5,0,1.0,[1.],[1],[[0.32666667 0.67333333]]
162,[0.233759452447977],[0.22899754768607225],[0.16983357165710108],4,1,1.0,[1.],[1],[[0.292 0.708]]
163,[0.3141401941711539],[0.23899616858237546],[0.3141401941711539],0,5,1.0,[0.],[0],[[0.612 0.388]]
164,[0.27342720498057344],[0.2720681282898173],[0.1529695414249084],4,1,1.0,[1.],[1],[[0.32266667 0.67733333]]
165,[0.18927400097426234],[0.17539063087450182],[0.18221118263809935],2,3,1.0,[0.],[0],[[0.524 0.476]]
166,[0.4269201618054078],[0.3604846841962591],[0.36103616563718055],2,3,1.0,[1.],[1],[[0.43466667 0.56533333]]
167,[0.1627091923356779],[0.15669196395002843],[0.13864607494892223],3,2,1.0,[1.],[1],[[0.32933333 0.67066667]]
168,[0.21148711943793913],[0.19549439235825553],[0.20062577542432497],3,2,1.0,[0.],[0],[[0.51866667 0.48133333]]
169,[0.1634706987334436],[0.1483665011549523],[0.14430653378307526],3,2,1.0,[1.],[1],[[0.37066667 0.62933333]]
170,[0.26461147339790003],[0.23523990820203894],[0.24852127827474804],3,2,1.0,[1.],[1],[[0.424 0.576]]
171,[0.276079291648357],[0.26195561128968453],[0.18137291532670224],3,2,1.0,[1.],[1],[[0.40933333 0.59066667]]
172,[0.23450895335451313],[0.20990048094032326],[0.22258424440010122],1,4,1.0,[0.],[0],[[0.596 0.404]]
173,[0.2393024132730015],[0.23047888386123677],[0.20268985042332516],4,1,1.0,[1.],[1],[[0.392 0.608]]
174,[0.3520100604164419],[0.17279576675077096],[0.3520100604164419],0,5,0.0,[0.],[1],[[0.924 0.076]]
175,[0.23299584808712598],[0.21628803554000214],[0.2156988921694804],2,3,0.0,[0.],[1],[[0.768 0.232]]
176,[0.4176446034585569],[0.32821407747901665],[0.35801343003428004],2,3,0.0,[1.],[0],[[0.48933333 0.51066667]]
177,[0.3475489104979892],[0.20573646578140958],[0.3475489104979892],0,5,0.0,[0.],[1],[[0.75333333 0.24666667]]
178,[0.2546571001281869],[0.16654061624649857],[0.25152081112982894],2,3,0.0,[0.],[1],[[0.72 0.28]]
179,[0.24997069393796822],[0.20961322259829723],[0.24997069393796822],0,5,0.0,[0.],[1],[[0.80533333 0.19466667]]
180,[0.25140877246420956],[0.24790775364561526],[0.21418897810155801],3,2,0.0,[1.],[0],[[0.404 0.596]]
181,[0.2044633031078044],[0.12206907787552948],[0.2044633031078044],1,4,0.0,[0.],[1],[[0.83866667 0.16133333]]
182,[0.4289762681684367],[0.20207163310636966],[0.4210228740448298],1,4,0.0,[0.],[1],[[0.88133333 0.11866667]]
183,[0.251307907778496],[0.19912434539033003],[0.23746175393234217],1,4,0.0,[0.],[1],[[0.86533333 0.13466667]]
184,[0.3275045550516912],[0.30508595040052844],[0.25891354998307126],4,1,0.0,[1.],[0],[[0.29066667 0.70933333]]
185,[0.2500109634312363],[0.17389785124651108],[0.2500109634312363],0,5,0.0,[0.],[1],[[0.72933333 0.27066667]]
186,[0.2166753873651197],[0.17716404965577168],[0.21324906270681598],1,4,0.0,[0.],[1],[[0.67466667 0.32533333]]
187,[0.37417337201212864],[0.2083539264976201],[0.3591104313892016],2,3,0.0,[0.],[1],[[0.84266667 0.15733333]]
188,[0.4808427859554798],[0.2598741757656053],[0.47596990459954763],1,4,0.0,[0.],[1],[[0.93066667 0.06933333]]
189,[0.20230031274881588],[0.20207406840492448],[0.17783737759787882],4,1,0.0,[1.],[0],[[0.38666667 0.61333333]]
190,[0.4105189047888539],[0.2513420410460356],[0.4058180500879992],1,4,0.0,[0.],[1],[[0.836 0.164]]
191,[0.3398491273261176],[0.24289463504021175],[0.3398491273261176],0,5,0.0,[0.],[1],[[0.76133333 0.23866667]]
192,[0.2575065876152832],[0.2292091516332301],[0.24070481900806145],1,4,0.0,[1.],[0],[[0.48266667 0.51733333]]
193,[0.3327560121038382],[0.15186415508280102],[0.3327560121038382],0,5,0.0,[0.],[1],[[0.872 0.128]]
194,[0.29642455256671313],[0.19787799813543522],[0.29642455256671313],0,5,0.0,[0.],[1],[[0.808 0.192]]
195,[0.4095055413469736],[0.1743012243012243],[0.4095055413469736],0,5,0.0,[0.],[1],[[0.94933333 0.05066667]]
196,[0.34408094066174455],[0.3093594808212849],[0.30451052882231355],3,2,0.0,[1.],[0],[[0.48666667 0.51333333]]
197,[0.44592156862745097],[0.23393367638650658],[0.44592156862745097],0,5,0.0,[0.],[1],[[0.76266667 0.23733333]]
198,[0.27491009058276356],[0.20456554648580175],[0.25629585115919584],2,3,0.0,[0.],[1],[[0.58133333 0.41866667]]
199,[0.342142117231188],[0.16581195395904738],[0.342142117231188],0,5,0.0,[0.],[1],[[0.87333333 0.12666667]]
200,[0.23850938621062462],[0.17080713142668408],[0.236922084623323],1,4,0.0,[0.],[1],[[0.74266667 0.25733333]]
201,[0.3443191311612364],[0.16576682774274207],[0.33614452798663325],1,4,0.0,[0.],[1],[[0.62133333 0.37866667]]
202,[0.2290226748798109],[0.15412347062669282],[0.22499290899798563],3,2,0.0,[0.],[1],[[0.816 0.184]]
203,[0.4923512612049198],[0.2486462739681352],[0.4923512612049198],0,5,0.0,[0.],[1],[[0.812 0.188]]
204,[0.18788791274085395],[0.15102351216735538],[0.18744835230129347],1,4,0.0,[0.],[1],[[0.77466667 0.22533333]]
205,[0.32548523820895625],[0.20042368679005937],[0.2986179525583558],3,2,0.0,[0.],[1],[[0.81866667 0.18133333]]
206,[0.22156205941979765],[0.21703469623571808],[0.20050454921422664],3,2,0.0,[0.],[1],[[0.63866667 0.36133333]]
207,[0.4783660130718955],[0.25366536684483193],[0.4783660130718955],0,5,0.0,[0.],[1],[[0.828 0.172]]
208,[0.22404104247464765],[0.2130807609261308],[0.2034737484737485],3,2,0.0,[0.],[1],[[0.532 0.468]]
209,[0.37417337201212864],[0.2083539264976201],[0.3591104313892016],2,3,0.0,[0.],[1],[[0.844 0.156]]
210,[0.29719381795170524],[0.2332916147886837],[0.29719381795170524],0,5,0.0,[0.],[1],[[0.68 0.32]]
211,[0.21560884671169153],[0.2041890822393923],[0.2104977777846476],2,3,0.0,[1.],[0],[[0.35466667 0.64533333]]
212,[0.41797193466758686],[0.15390398442317182],[0.41797193466758686],0,5,0.0,[0.],[1],[[0.868 0.132]]
213,[0.2545677539514749],[0.2545677539514749],[0.20321310062486533],5,0,0.0,[1.],[0],[[0.28266667 0.71733333]]
214,[0.3936264606852842],[0.28651628388470496],[0.3534006679594915],2,3,0.0,[0.],[1],[[0.684 0.316]]
215,[0.28661215327881995],[0.2135816132128824],[0.28587808587808594],1,4,0.0,[0.],[1],[[0.77333333 0.22666667]]
216,[0.19111709795207973],[0.1798386842775388],[0.18715201677397744],2,3,0.0,[1.],[0],[[0.496 0.504]]
217,[0.19783034604006472],[0.17144467544467545],[0.19211202267468255],2,3,0.0,[0.],[1],[[0.83733333 0.16266667]]
218,[0.37647398234354756],[0.19207324070415344],[0.37647398234354756],0,5,0.0,[0.],[1],[[0.876 0.124]]
219,[0.3227438318981884],[0.26496153632752706],[0.3115031107953251],1,4,0.0,[0.],[1],[[0.78933333 0.21066667]]
220,[0.3385928976172879],[0.21626300528739556],[0.29953224972092896],2,3,0.0,[0.],[1],[[0.68133333 0.31866667]]
221,[0.16092446201141852],[0.16092446201141852],[0.131354020866216],5,0,0.0,[1.],[0],[[0.268 0.732]]
222,[0.22036257482218824],[0.1868545805483321],[0.2173619225064675],1,4,0.0,[0.],[1],[[0.83733333 0.16266667]]
223,[0.31182672033735864],[0.2949498250822504],[0.29780979548421416],2,3,0.0,[0.],[1],[[0.584 0.416]]
224,[0.21134187350572922],[0.21097004335774078],[0.18285839166774737],4,1,0.0,[0.],[1],[[0.55733333 0.44266667]]
225,[0.24511368638243874],[0.17158849219473388],[0.24511368638243874],0,5,0.0,[0.],[1],[[0.77066667 0.22933333]]
226,[0.21842333105491002],[0.11683186378838555],[0.20699475962633856],1,4,0.0,[0.],[1],[[0.86 0.14]]
227,[0.4665841626703794],[0.2932943918826272],[0.4605235566097733],1,4,0.0,[0.],[1],[[0.81466667 0.18533333]]
228,[0.3807237616633229],[0.21344987659720288],[0.3807237616633229],0,5,0.0,[0.],[1],[[0.89066667 0.10933333]]
229,[0.3579761485653934],[0.2690800297448751],[0.3336981858720989],2,3,0.0,[0.],[1],[[0.66266667 0.33733333]]
230,[0.2995603574709378],[0.2549635918844757],[0.2489096181774312],2,3,0.0,[1.],[0],[[0.408 0.592]]
231,[0.42474764661861447],[0.2749603717455974],[0.3969280977464339],1,4,0.0,[0.],[1],[[0.69866667 0.30133333]]
232,[0.2809186201639032],[0.21706749938823394],[0.2809186201639032],0,5,0.0,[0.],[1],[[0.75866667 0.24133333]]
233,[0.3579027675470904],[0.23500558063066027],[0.35651815216247507],1,4,0.0,[0.],[1],[[0.65866667 0.34133333]]
234,[0.233273911232656],[0.17885981920190472],[0.233273911232656],1,4,0.0,[0.],[1],[[0.54533333 0.45466667]]
235,[0.22326084344587288],[0.22326084344587288],[0.17885485580089927],5,0,0.0,[1.],[0],[[0.388 0.612]]
236,[0.31994336865180856],[0.16541377812049227],[0.31994336865180856],0,5,0.0,[0.],[1],[[0.81866667 0.18133333]]
237,[0.24749202006383944],[0.19354536560418914],[0.24582535339717276],1,4,0.0,[0.],[1],[[0.60133333 0.39866667]]
238,[0.5067411684330212],[0.3191303570613916],[0.4738596976205159],2,3,0.0,[0.],[1],[[0.86 0.14]]
239,[0.4973816310106633],[0.2575972371583129],[0.48541581904485137],1,4,0.0,[0.],[1],[[0.90266667 0.09733333]]
240,[0.3126156268877415],[0.259260710553814],[0.302971358113038],1,4,0.0,[0.],[1],[[0.63733333 0.36266667]]
241,[0.20313869108738375],[0.15423418042788514],[0.20236779993721415],1,4,0.0,[0.],[1],[[0.644 0.356]]
242,[0.22621734490601705],[0.15796695475515876],[0.20508537562309642],4,1,0.0,[0.],[1],[[0.75466667 0.24533333]]
243,[0.30755109258557534],[0.24167120812402879],[0.30755109258557534],1,4,0.0,[0.],[1],[[0.708 0.292]]
244,[0.2760049396102527],[0.20750519562663777],[0.2599035899794913],3,2,0.0,[1.],[0],[[0.41733333 0.58266667]]
245,[0.17947285952504166],[0.1263895854366643],[0.17947285952504166],0,5,0.0,[0.],[1],[[0.82933333 0.17066667]]
246,[0.306304274821224],[0.26696576306988207],[0.29312458984981393],2,3,0.0,[0.],[1],[[0.60133333 0.39866667]]
247,[0.17383865173976565],[0.14501138935943456],[0.17036271591088867],1,4,0.0,[0.],[1],[[0.808 0.192]]
248,[0.17668442231933104],[0.1653055776729922],[0.1711056643662121],2,3,0.0,[0.],[1],[[0.51733333 0.48266667]]
249,[0.30600496490327],[0.25809781117419844],[0.29426613798177037],3,2,0.0,[0.],[1],[[0.64 0.36]]
250,[0.33178704363665157],[0.2242629458234499],[0.33178704363665157],0,5,0.0,[0.],[1],[[0.89733333 0.10266667]]
251,[0.266309074028111],[0.21260101010101012],[0.266309074028111],0,5,0.0,[0.],[1],[[0.568 0.432]]
252,[0.3509160519845452],[0.2529798080483012],[0.28303335760655685],3,2,0.0,[1.],[0],[[0.448 0.552]]
253,[0.378053174768735],[0.2559476476081369],[0.35308682656295015],2,3,0.0,[0.],[1],[[0.65466667 0.34533333]]
254,[0.2391434477573398],[0.22081390047309118],[0.2281850928501965],2,3,0.0,[1.],[0],[[0.37466667 0.62533333]]
255,[0.18878356605800212],[0.1868391216135577],[0.1817767174655065],4,1,0.0,[1.],[0],[[0.44533333 0.55466667]]
256,[0.40046337631483153],[0.2582325958641748],[0.32942702254380596],2,3,0.0,[1.],[0],[[0.43066667 0.56933333]]
257,[0.1945086260265267],[0.1838918964603549],[0.1906293156816991],1,4,0.0,[1.],[0],[[0.468 0.532]]
258,[0.3013382988348735],[0.2235014292602287],[0.30035790667801077],1,4,0.0,[0.],[1],[[0.65066667 0.34933333]]
259,[0.2384914605942003],[0.19345895750203954],[0.23589405799679772],1,4,0.0,[0.],[1],[[0.71466667 0.28533333]]
260,[0.24413775266769827],[0.2046612538717802],[0.22654834507829064],2,3,0.0,[0.],[1],[[0.89866667 0.10133333]]
261,[0.2907870490029963],[0.17143493636234108],[0.2907870490029963],0,5,0.0,[0.],[1],[[0.84533333 0.15466667]]
262,[0.24953678035519467],[0.14153640477169888],[0.24953678035519467],0,5,0.0,[0.],[1],[[0.85333333 0.14666667]]
263,[0.4382233402042647],[0.1849237580712269],[0.4382233402042647],0,5,0.0,[0.],[1],[[0.93466667 0.06533333]]
264,[0.33923345445151815],[0.2633939701948391],[0.3354957495334854],1,4,0.0,[0.],[1],[[0.72266667 0.27733333]]
265,[0.26756709956709956],[0.12929718556856235],[0.26756709956709956],0,5,0.0,[0.],[1],[[0.86133333 0.13866667]]
266,[0.21390982199331346],[0.15124867724867724],[0.20805840098796988],2,3,0.0,[0.],[1],[[0.53733333 0.46266667]]
267,[0.4520632370489731],[0.3080256688984074],[0.41552311625518534],1,4,0.0,[0.],[1],[[0.77333333 0.22666667]]
268,[0.31658616525789196],[0.2438773251535964],[0.3162510165356465],1,4,0.0,[0.],[1],[[0.77466667 0.22533333]]
269,[0.2049486234544906],[0.14027620513906652],[0.2049486234544906],0,5,0.0,[0.],[1],[[0.80666667 0.19333333]]
270,[0.2780906654213266],[0.2412621662106198],[0.24011574564312815],2,3,0.0,[0.],[1],[[0.6 0.4]]
271,[0.157040930175964],[0.15257357622407391],[0.14657588788023568],4,1,0.0,[1.],[0],[[0.47333333 0.52666667]]
272,[0.3214542903904606],[0.1888304118535386],[0.29367965367965365],2,3,0.0,[0.],[1],[[0.77066667 0.22933333]]
273,[0.17683991281806571],[0.14429704260793322],[0.17683991281806571],0,5,0.0,[0.],[1],[[0.78666667 0.21333333]]
274,[0.5445537305831424],[0.2716138763197587],[0.5278444381705251],1,4,0.0,[0.],[1],[[0.88133333 0.11866667]]
275,[0.14488866259974378],[0.1251059296094636],[0.13388806827474725],4,1,0.0,[0.],[1],[[0.75333333 0.24666667]]
276,[0.3893837593607497],[0.32142397535510875],[0.3446252915879842],2,3,0.0,[0.],[1],[[0.73866667 0.26133333]]
277,[0.5411185163720662],[0.23038177176629376],[0.5411185163720662],0,5,0.0,[0.],[1],[[0.95466667 0.04533333]]
278,[0.36500401570734053],[0.2514169737181093],[0.36500401570734053],0,5,0.0,[0.],[1],[[0.73066667 0.26933333]]
279,[0.2853503861003861],[0.18277544154751896],[0.2776580784080784],1,4,0.0,[0.],[1],[[0.824 0.176]]
280,[0.3325268817204301],[0.15137613894729643],[0.3325268817204301],0,5,0.0,[0.],[1],[[0.96533333 0.03466667]]
281,[0.42654200542005416],[0.21811398600750903],[0.4010518093416229],1,4,0.0,[0.],[1],[[0.80266667 0.19733333]]
282,[0.4392856867618443],[0.231735671339248],[0.4101745756507332],1,4,0.0,[0.],[1],[[0.78933333 0.21066667]]
283,[0.3831623318921893],[0.30144056816019277],[0.322403403860284],3,2,0.0,[0.],[1],[[0.60666667 0.39333333]]
284,[0.41385645022747547],[0.17796444674406497],[0.41385645022747547],0,5,0.0,[0.],[1],[[0.93333333 0.06666667]]
285,[0.303786562928333],[0.24105728692632003],[0.2926754518172219],1,4,0.0,[0.],[1],[[0.50933333 0.49066667]]
286,[0.23749962207105063],[0.2343192194752297],[0.21598160631774074],3,2,0.0,[0.],[1],[[0.50666667 0.49333333]]
287,[0.28073574024204273],[0.20536173625152393],[0.2553389148452173],1,4,0.0,[0.],[1],[[0.772 0.228]]
288,[0.3139093505564919],[0.23283312580238275],[0.3139093505564919],0,5,0.0,[0.],[1],[[0.71333333 0.28666667]]
289,[0.2427019016658934],[0.2321546449829289],[0.2296237778102909],3,2,0.0,[1.],[0],[[0.38266667 0.61733333]]
290,[0.2194990860193843],[0.1960866519807011],[0.21006357119776314],2,3,0.0,[0.],[1],[[0.704 0.296]]
291,[0.37866303130629536],[0.12926167100781408],[0.3726847704367301],1,4,0.0,[0.],[1],[[0.952 0.048]]
292,[0.15252958833619212],[0.13597239666785135],[0.14794459572685378],2,3,0.0,[0.],[1],[[0.75333333 0.24666667]]
293,[0.31209142964423164],[0.24371709877981038],[0.29926188236596024],2,3,0.0,[0.],[1],[[0.62 0.38]]
294,[0.4204006374835685],[0.19465201465201465],[0.4204006374835685],0,5,0.0,[0.],[1],[[0.928 0.072]]
295,[0.36808104491242627],[0.2578988685285838],[0.36727815450696666],1,4,0.0,[0.],[1],[[0.63733333 0.36266667]]
296,[0.29639613399338494],[0.24491200321357737],[0.29089589548568984],2,3,0.0,[0.],[1],[[0.67333333 0.32666667]]
297,[0.3363966363537302],[0.2192203049332127],[0.315561186780699],3,2,0.0,[0.],[1],[[0.82666667 0.17333333]]
298,[0.39574952561669835],[0.31014867485455716],[0.3870660522273426],1,4,0.0,[0.],[1],[[0.704 0.296]]
299,[0.29809600695957544],[0.24505530673043796],[0.28193057386082543],2,3,0.0,[1.],[0],[[0.488 0.512]]
300,[0.3465477030614646],[0.1738249511301535],[0.3465477030614646],0,5,0.0,[0.],[1],[[0.856 0.144]]
301,[0.4501316732049629],[0.16866150034655142],[0.4501316732049629],0,5,0.0,[0.],[1],[[0.78666667 0.21333333]]
302,[0.4293710437028409],[0.2293992408550242],[0.4252501645819618],1,4,0.0,[0.],[1],[[0.88933333 0.11066667]]
303,[0.3230018657000669],[0.18408303659174738],[0.3230018657000669],0,5,0.0,[0.],[1],[[0.72133333 0.27866667]]
304,[0.2528878217953848],[0.24707250421536134],[0.21051439165409755],3,2,0.0,[1.],[0],[[0.484 0.516]]
305,[0.3972670312143996],[0.37489861016176806],[0.26428616375947045],4,1,0.0,[1.],[0],[[0.352 0.648]]
306,[0.3161615697261845],[0.22088106481734857],[0.29825971544211705],3,2,0.0,[1.],[0],[[0.49333333 0.50666667]]
307,[0.2522300584987152],[0.22399701277206335],[0.24684648684648686],2,3,0.0,[0.],[1],[[0.69733333 0.30266667]]
308,[0.25492276038599265],[0.21343093615245518],[0.25492276038599265],0,5,0.0,[0.],[1],[[0.55733333 0.44266667]]
309,[0.2742793891750249],[0.14597284304461186],[0.2741365320321677],1,4,0.0,[0.],[1],[[0.91733333 0.08266667]]
310,[0.2698498428775735],[0.15367771280051984],[0.26878556020409544],2,3,0.0,[0.],[1],[[0.852 0.148]]
311,[0.19327258619815732],[0.14134659395421884],[0.19327258619815732],0,5,0.0,[0.],[1],[[0.56666667 0.43333333]]
312,[0.25137575270975515],[0.20037316597875604],[0.25137575270975515],0,5,0.0,[0.],[1],[[0.56 0.44]]
313,[0.43145502284178044],[0.14530268883304104],[0.43145502284178044],0,5,0.0,[0.],[1],[[0.91733333 0.08266667]]
314,[0.19223273950122718],[0.1812278024093336],[0.18610521131529537],3,2,0.0,[0.],[1],[[0.644 0.356]]
315,[0.4229815624578027],[0.15254570680102594],[0.4229815624578027],0,5,0.0,[0.],[1],[[0.83733333 0.16266667]]
316,[0.5313669005264161],[0.15674606857038767],[0.5313669005264161],0,5,0.0,[0.],[1],[[0.90266667 0.09733333]]
317,[0.5341991726267973],[0.21987232507612675],[0.5300350575012615],1,4,0.0,[0.],[1],[[0.95066667 0.04933333]]
318,[0.22452734607371258],[0.21324480026850529],[0.21133575369123253],4,1,0.0,[1.],[0],[[0.22933333 0.77066667]]
319,[0.1649640126843774],[0.14125084025705142],[0.1423741315230677],3,2,0.0,[0.],[1],[[0.74666667 0.25333333]]
320,[0.44380010233668765],[0.2458073458073458],[0.43559497413155945],1,4,0.0,[0.],[1],[[0.828 0.172]]
321,[0.3950127085720306],[0.31451115959222076],[0.3343008630364952],2,3,0.0,[1.],[0],[[0.45333333 0.54666667]]
322,[0.1844529017296819],[0.16722576561011415],[0.18157613405291423],1,4,0.0,[1.],[0],[[0.48 0.52]]
323,[0.38067510392038695],[0.227734812980096],[0.37252416052416054],1,4,0.0,[0.],[1],[[0.87866667 0.12133333]]
324,[0.4250907999563462],[0.2808982237881602],[0.4165058275058275],2,3,0.0,[0.],[1],[[0.68 0.32]]
325,[0.35258779764710313],[0.20657230810062113],[0.35258779764710313],0,5,0.0,[0.],[1],[[0.89333333 0.10666667]]
326,[0.5180083615015122],[0.17958022531611248],[0.5180083615015122],0,5,0.0,[0.],[1],[[0.89066667 0.10933333]]
327,[0.585425660855714],[0.1746871561478303],[0.585425660855714],0,5,0.0,[0.],[1],[[0.94 0.06]]
328,[0.200465268986401],[0.18518075342219278],[0.19630112910364378],2,3,0.0,[0.],[1],[[0.54 0.46]]
329,[0.28565091590765523],[0.14028940057963743],[0.2814666875522138],2,3,0.0,[0.],[1],[[0.57333333 0.42666667]]
330,[0.40660030534290365],[0.22017720335528557],[0.3758373471792606],3,2,0.0,[0.],[1],[[0.84266667 0.15733333]]
331,[0.5449771212832959],[0.22045573045573047],[0.5449771212832959],0,5,0.0,[0.],[1],[[0.95466667 0.04533333]]
332,[0.18942929384840684],[0.18099527131736678],[0.1884975145945321],2,3,0.0,[0.],[1],[[0.592 0.408]]
333,[0.31483325590591626],[0.21139661732440249],[0.31483325590591626],0,5,0.0,[0.],[1],[[0.78666667 0.21333333]]
334,[0.2332676132892158],[0.21847025069731071],[0.2207260028528685],2,3,0.0,[1.],[0],[[0.452 0.548]]
335,[0.21466795615731787],[0.19830273601160991],[0.21098258177466103],2,3,0.0,[0.],[1],[[0.584 0.416]]
336,[0.2931626558862621],[0.16801977641248564],[0.2931626558862621],0,5,0.0,[0.],[1],[[0.87333333 0.12666667]]
337,[0.30820512820512824],[0.17458898944193063],[0.3078388278388279],1,4,0.0,[0.],[1],[[0.86133333 0.13866667]]
338,[0.07780467146851028],[0.07780467146851028],[0.05515658802597012],5,0,0.0,[0.],[1],[[0.68666667 0.31333333]]
339,[0.2479923930047631],[0.2237153927584786],[0.2356161616161616],2,3,0.0,[0.],[1],[[0.66133333 0.33866667]]
340,[0.33544108736078904],[0.2682819975185432],[0.3062128443394425],1,4,0.0,[0.],[1],[[0.58666667 0.41333333]]
341,[0.23390468139694143],[0.18352519956814764],[0.23390468139694143],0,5,0.0,[0.],[1],[[0.68533333 0.31466667]]
342,[0.25416453553838914],[0.21236450324136893],[0.25313841613540405],2,3,0.0,[0.],[1],[[0.58 0.42]]
343,[0.19731306876817714],[0.16593740685543965],[0.19561609907120742],1,4,0.0,[0.],[1],[[0.61066667 0.38933333]]
344,[0.29387777048889296],[0.20316273614026423],[0.29387777048889296],0,5,0.0,[0.],[1],[[0.71466667 0.28533333]]
345,[0.3340652844692254],[0.21696755886187594],[0.3340652844692254],0,5,0.0,[0.],[1],[[0.78 0.22]]
346,[0.23155326191779393],[0.20154145921691563],[0.21461073318216176],2,3,0.0,[0.],[1],[[0.684 0.316]]
347,[0.2309787857533015],[0.2248099545844703],[0.19667365747874224],4,1,0.0,[1.],[0],[[0.436 0.564]]
348,[0.3080901123324579],[0.275684576655521],[0.26994782402814144],2,3,0.0,[1.],[0],[[0.49333333 0.50666667]]
349,[0.522673913906382],[0.2004960982920731],[0.522673913906382],0,5,0.0,[0.],[1],[[0.99066667 0.00933333]]
350,[0.2477139285834938],[0.2127732439129498],[0.24684310129757217],1,4,0.0,[0.],[1],[[0.656 0.344]]
351,[0.22391774547624074],[0.18994786479791054],[0.2202651032254455],2,3,0.0,[0.],[1],[[0.62266667 0.37733333]]
352,[0.2599732620320856],[0.2578304048892284],[0.19913533834586467],4,1,0.0,[1.],[0],[[0.40666667 0.59333333]]
353,[0.5067411684330212],[0.3191303570613916],[0.4738596976205159],2,3,0.0,[0.],[1],[[0.82666667 0.17333333]]
354,[0.19584686494308728],[0.17971029162573599],[0.18358558801094807],2,3,0.0,[1.],[0],[[0.488 0.512]]
355,[0.2214026419971351],[0.2182653870951743],[0.1945976216573586],4,1,0.0,[1.],[0],[[0.39333333 0.60666667]]
356,[0.2030789736047572],[0.1634727939247465],[0.18700212830647614],1,4,0.0,[1.],[0],[[0.49866667 0.50133333]]
357,[0.3106852185956664],[0.21217385008429787],[0.2865312457995385],3,2,0.0,[1.],[0],[[0.436 0.564]]
358,[0.24909173864246328],[0.23724441476126867],[0.2329845207526367],3,2,0.0,[1.],[0],[[0.484 0.516]]
359,[0.20714800714800713],[0.18949607919757175],[0.19603875820743294],2,3,0.0,[0.],[1],[[0.572 0.428]]
360,[0.3323693354415146],[0.23306134716908544],[0.3323693354415146],0,5,0.0,[0.],[1],[[0.73733333 0.26266667]]
361,[0.37028831084527286],[0.27558318264014464],[0.3056451822409269],3,2,0.0,[1.],[0],[[0.46533333 0.53466667]]
362,[0.20803117198296323],[0.18578099594237393],[0.1975590878698823],3,2,0.0,[0.],[1],[[0.616 0.384]]
363,[0.203971334240514],[0.1727281021992797],[0.19294952023362535],2,3,0.0,[1.],[0],[[0.47466667 0.52533333]]
364,[0.1594552004240454],[0.12398085334255546],[0.15089625850340135],3,2,0.0,[0.],[1],[[0.824 0.176]]
365,[0.2707274630958292],[0.1998783189858705],[0.24056834471709249],3,2,0.0,[1.],[0],[[0.49866667 0.50133333]]
366,[0.34527531595883654],[0.19517447394939239],[0.3206514497738687],3,2,0.0,[0.],[1],[[0.86 0.14]]
367,[0.136130910224307],[0.1254658618255801],[0.13502044174541744],1,4,0.0,[1.],[0],[[0.46133333 0.53866667]]
368,[0.38669006548088813],[0.22318150529255149],[0.3784236366970642],1,4,0.0,[0.],[1],[[0.832 0.168]]
369,[0.14658083632727137],[0.11565706101443832],[0.13970576242525073],3,2,0.0,[0.],[1],[[0.70533333 0.29466667]]
370,[0.4527589054554496],[0.2378119870826942],[0.4487740857211042],1,4,0.0,[0.],[1],[[0.90933333 0.09066667]]
371,[0.3707142857142857],[0.22730477102480523],[0.3668770764119601],1,4,0.0,[0.],[1],[[0.85466667 0.14533333]]
372,[0.26101819220260003],[0.18997661883344044],[0.26039707419017766],1,4,0.0,[0.],[1],[[0.828 0.172]]
373,[0.17872798788716632],[0.16969683858534032],[0.17213382292941656],3,2,0.0,[1.],[0],[[0.38666667 0.61333333]]
374,[0.37866303130629536],[0.12926167100781408],[0.3726847704367301],1,4,0.0,[0.],[1],[[0.95733333 0.04266667]]
375,[0.2630611854014687],[0.2119021267862698],[0.25272019154997877],2,3,0.0,[0.],[1],[[0.64266667 0.35733333]]
376,[0.3576139251507414],[0.16383948376688845],[0.3576139251507414],0,5,0.0,[0.],[1],[[0.95066667 0.04933333]]
377,[0.17681005859286067],[0.13910650369531657],[0.15877497087356246],1,4,0.0,[1.],[0],[[0.496 0.504]]
378,[0.35231540389435123],[0.20369003218221815],[0.35231540389435123],0,5,0.0,[0.],[1],[[0.74533333 0.25466667]]
379,[0.27781676413255363],[0.2069203213200174],[0.27781676413255363],0,5,0.0,[0.],[1],[[0.75066667 0.24933333]]
380,[0.19677582777238833],[0.1923889596862584],[0.18855911711282694],2,3,0.0,[0.],[1],[[0.54 0.46]]
381,[0.21602298882323584],[0.14579222993545243],[0.21602298882323584],0,5,0.0,[0.],[1],[[0.70933333 0.29066667]]
382,[0.3701472279733149],[0.23402831402831406],[0.3166422466422466],2,3,0.0,[1.],[0],[[0.47466667 0.52533333]]
383,[0.16489392411837417],[0.14045134096874912],[0.16340869205086364],1,4,0.0,[1.],[0],[[0.47333333 0.52666667]]
384,[0.21863010831896337],[0.21183817203225358],[0.1941017872750894],3,2,0.0,[1.],[0],[[0.38266667 0.61733333]]
385,[0.23807108223885515],[0.22239244469720387],[0.2212197742346608],3,2,0.0,[0.],[1],[[0.592 0.408]]
386,[0.3107704402515723],[0.24601176236044658],[0.3107704402515723],0,5,0.0,[0.],[1],[[0.74266667 0.25733333]]
387,[0.18795573055759127],[0.16337036153252862],[0.18795573055759127],0,5,0.0,[1.],[0],[[0.49733333 0.50266667]]
388,[0.20369192211297477],[0.1798694005485177],[0.18218315018315018],2,3,0.0,[0.],[1],[[0.84933333 0.15066667]]
389,[0.19928778467908903],[0.10339455696177088],[0.19928778467908903],0,5,0.0,[0.],[1],[[0.84933333 0.15066667]]
390,[0.522673913906382],[0.2004960982920731],[0.522673913906382],0,5,0.0,[0.],[1],[[0.984 0.016]]
391,[0.2312354205574545],[0.20124252476867693],[0.22431234363437755],1,4,0.0,[0.],[1],[[0.53066667 0.46933333]]
392,[0.3831044598322017],[0.17840669490571787],[0.3831044598322017],0,5,0.0,[0.],[1],[[0.88133333 0.11866667]]
393,[0.3586129032258064],[0.22616293251472172],[0.3537644183773216],1,4,0.0,[0.],[1],[[0.79866667 0.20133333]]
394,[0.21122484864672644],[0.16966624777423905],[0.201254819460972],2,3,0.0,[0.],[1],[[0.71333333 0.28666667]]
395,[0.4075210051383668],[0.2017919860183711],[0.38041570487911447],3,2,0.0,[0.],[1],[[0.884 0.116]]
396,[0.19151508343088533],[0.17416368119818945],[0.18452506605306268],2,3,0.0,[0.],[1],[[0.61066667 0.38933333]]
397,[0.1862731386260798],[0.17059869620001814],[0.18073560319461957],2,3,0.0,[0.],[1],[[0.71866667 0.28133333]]
398,[0.21163696131969062],[0.17803829360109585],[0.16105849897162175],2,3,0.0,[0.],[1],[[0.67733333 0.32266667]]
399,[0.26820130160555694],[0.26231139954544214],[0.23931393670928552],3,2,0.0,[1.],[0],[[0.43333333 0.56666667]]
400,[0.20345277079605437],[0.1875273191310517],[0.19537196271524632],1,4,0.0,[1.],[0],[[0.42133333 0.57866667]]
